[gd_scene load_steps=7 format=2]

[ext_resource path="res://Player.gd" type="Script" id=1]
[ext_resource path="res://art/player.glb" type="PackedScene" id=2]
[ext_resource path="res://PlayerShot.tscn" type="PackedScene" id=3]

[sub_resource type="SphereShape" id=1]

[sub_resource type="Curve3D" id=2]
_data = {
"points": PoolVector3Array( 0, 0, 0, 0, 0, 0, -35.6257, 0.0674596, -33.3215, 0, 0, 0, 0, 0, 0, -9.75996, 4.76837e-07, 11.2746, 0, 0, 0, 0, 0, 0, 9.35266, 4.76837e-07, 10.8924, 0, 0, 0, 0, 0, 0, 35.3458, 0.0674596, -33.0667 ),
"tilts": PoolRealArray( 0, 0, 0, 0 )
}

[sub_resource type="CylinderMesh" id=3]

[node name="Player" type="KinematicBody"]
collision_layer = 3
collision_mask = 3
script = ExtResource( 1 )
player_shot_scene = ExtResource( 3 )

[node name="Pivot" type="Spatial" parent="."]

[node name="player" parent="Pivot" instance=ExtResource( 2 )]

[node name="CollisionShape" type="CollisionShape" parent="."]
transform = Transform( 1, 0, 0, 0, 1, 0, 0, 0, 1, 0, 0.914628, 0 )
shape = SubResource( 1 )

[node name="Cam" type="Position3D" parent="."]
transform = Transform( 1, 0, 0, 0, 0.865073, -0.501647, 0, 0.501647, 0.865073, 0, -2.33247, 8.73141 )

[node name="Camera" type="Camera" parent="Cam"]
transform = Transform( 1, 0, 0, 0, 0.15459, 0.987979, 0, -0.987979, 0.15459, 0, 13.3068, -5.36698 )

[node name="SpawnPath" type="Path" parent="Cam"]
transform = Transform( 1, 0, 0, 0, 0.865073, 0.501647, 0, -0.501647, 0.865073, 0, -2.36233, -8.72338 )
curve = SubResource( 2 )

[node name="SpawnLocation" type="PathFollow" parent="Cam/SpawnPath"]
transform = Transform( 1, 0, 0, 0, 1, 0, 0, 0, 1, -35.6257, 0.0674596, -33.3215 )

[node name="FrustumReference" type="Spatial" parent="."]
visible = false

[node name="topleft" type="MeshInstance" parent="FrustumReference"]
transform = Transform( 1, 0, 0, 0, 1, 0, 0, 0, 1, -35.2398, -1.90735e-06, -33.0408 )
mesh = SubResource( 3 )
material/0 = null

[node name="topright" type="MeshInstance" parent="FrustumReference"]
transform = Transform( 1, 0, 0, 0, 1, 0, 0, 0, 1, 35.3711, -1.90735e-06, -33.0408 )
mesh = SubResource( 3 )
material/0 = null

[node name="bottomleft" type="MeshInstance" parent="FrustumReference"]
transform = Transform( 1, 0, 0, 0, 1, 0, 0, 0, 1, -9.70351, -1.90735e-06, 10.9583 )
mesh = SubResource( 3 )
material/0 = null

[node name="bottomright" type="MeshInstance" parent="FrustumReference"]
transform = Transform( 1, 0, 0, 0, 1, 0, 0, 0, 1, 9.32006, -1.90735e-06, 10.9477 )
mesh = SubResource( 3 )
material/0 = null
